 14232 1794 1818 1  20.01 0.88 +10.80 2.00 S        19.20              0.76   9.42 0.23 181.88   8.71 0.28   0.04  
 18965 1826  378 1  28.44 1.12 -10.30 2.00 S        15.17              0.95  41.59 0.28 170.83  43.48 0.32   7.09  
 19757  671  217 1  16.56 4.48                      15.40         0.10 0.65  20.19 1.04   2.67  20.52 0.71   5.26  
 19981 1815 1907 1  30.56 1.52 +28.82 0.20 1 RV I   14.80 21.14 0      0.51  22.26 0.42  36.83  22.04 0.39   0.04  
 20616  676  438 1  21.00 1.37                       3.91              0.06   9.49 0.42 137.63   9.56 0.42  76.52  
 20693   81 1629 1  22.03 0.90 +29.67 0.30 1         9.31 17.54 0 0.19 0.55  19.67 0.37  13.47  18.98 0.47   5.29  
 20777 1820 1418 1  25.72 6.36                    V 10.45              0.01   5.56 1.42  23.77                    1
 20895 1833  567 1  25.00 3.24 -16.00      S    H C  9.98              0.60  14.38 0.79  11.21  15.60 0.61  11.19  
 20904 2372 2101 1  18.42 1.61 -36.60 2.00 S RV I C 14.21              0.79   5.77 0.63  64.88   5.25 0.37  18.02 1
 21475  690  797 1  18.93 1.75                  I    7.50 20.92 0      0.37  34.96 0.58 105.05  36.10 0.51   6.29  
 21760 1842 1264 1  13.17 0.94 +24.80 2.00 S        32.39         0.22       11.55 0.35   3.77  12.28 0.36   0.04  
 21961 1830 2127 1  20.03 0.71 +07.70 2.00 S         7.70              0.28   5.50 0.40 556.20   4.67 0.32 131.19  
 22449   96 1462 1 124.60 0.95 +24.10 0.90 S RV I   38.99         0.67      122.54 0.48  26.42 113.44 0.38   0.04  
 24480 1291  385 1  16.54 1.40 +21.70 2.00 S      G 17.51         0.15 0.21  19.30 0.66  10.38  20.61 0.48  27.80  
 25730 1860  628 1  11.24 0.84 +13.20 2.00 S        47.24         0.25       12.71 0.39   8.60  12.98 0.41  17.69 1
