 10672   44 1162 1 15.37  1.29 16.98 0.28  12.95 16.94 0.24   5.52 1.14 3.7838 0.0054 -0.073 0.006  0.048 0.015 4.446 0.046 0 0 0 0 0 0 2 1 0
 12031   49  886 1 13.44  3.62 10.33 0.63   0.80 10.00 0.34  12.61 1.00 0      0       0     0      0     0     0     0     0 1 0 0 0 5 0 7 1
 12709 1226  710 1 53.89  1.27 53.98 0.96  13.62 52.88 0.26  46.82 0.77 3.6759 0.0022 -0.430 0.015 -0.686 0.017 4.623 0.059 0 1 1 0 3 0 2 3 0
 13042  643  529 1 11.18 17.11  6.98 3.89   3.52  7.78 0.37 405.66 0.91 0      0       0     0      0     0     0     0     1 0 0 1 1 1 0 8 0
 13117    0    0 0 29.67  9.34 61.80 1.76  18.66     0    0      0 0.99 0      0       0     0      0     0     0     0     0 0 0 3 1 1 0 4 0
 13600 1227 1301 1 18.89  1.29 15.32 0.31  12.16 15.05 0.26   7.60 1.00 3.7486 0.0056 -0.147 0.010  0.055 0.018 4.532 0.052 0 0 0 0 0 0 2 4 0
 13806 1794  435 1 25.77  1.39 24.45 0.28   0.93 24.36 0.28   0.40 0.89 3.7157 0.0026 -0.244 0.010 -0.349 0.011 4.582 0.051 0 0 0 0 0 0 2 1 0
 13834 1230 1425 1 31.41  0.84 30.51 0.23   1.97 30.38 0.21   1.18 1.39 3.8270 0.0030  0.003 0.002  0.608 0.007 4.328 0.034 0 0 0 0 0 0 2 1 0
 13976  641  305 1 42.66  1.22 42.87 0.31   2.38 43.05 0.33   1.65 0.87 3.7019 0.0039 -0.286 0.018 -0.439 0.010 4.596 0.053 0 0 0 0 0 0 2 1 0
 14838 1228 2019 1 19.44  1.23 20.28 0.28  66.87 20.84 0.19  74.87 2.31 0      0       0     0      0     0     0     0     0 0 0 0 6 0 0 5 1
 14976 2344 1916 1 23.73  1.18 25.05 0.27   1.46 25.04 0.27   0.32 1.03 3.7421 0.0042 -0.166 0.008 -0.093 0.010 4.545 0.046 0 0 0 0 0 0 2 1 0
 15300 1792  913 3 29.49  4.70 25.49 0.94   0.90 26.11 0.47   3.83 1.04 3.5749 0.0042 -1.399 0.039 -0.799 0.036 4.778 0.057 0 0 0 1 1 1 2 1 0
 15304  649  766 1 20.20  1.18 23.12 0.32  75.59 23.19 0.33  41.92 1.76 3.7838 0.0026 -0.073 0.003  0.247 0.012 4.446 0.029 1 0 0 1 0 1 2 5 0
 15310  649 1241 1 21.64  1.33 23.31 0.36  61.36 23.62 0.33  60.85 1.14 3.7704 0.0025 -0.098 0.003  0.091 0.013 4.481 0.042 1 0 0 1 0 0 2 5 0
 15368  649  815 3 13.76  5.62  8.28 1.30   1.76  7.12 0.54   0.00 1.31 0      0       0     0      0     0     0     0     0 0 0 3 1 1 0 7 0
 15374    0    0 0 24.54  3.95 16.58 0.85  16.40  0    0      0    0.55 3.5993 0.0030 -1.094 0.026 -0.867 0.046 4.712 0.092 0 0 0 0 0 0 2 7 0
 15563  649    5 1 34.18  1.70 32.17 0.38   2.91 31.42 0.40   0.09 0.71 3.6665 0.0030 -0.499 0.023 -0.777 0.014 4.635 0.064 0 0 0 0 0 0 2 1 0
 15720 1805  247 1 29.75  2.73 31.02 0.62   0.50 30.78 0.44   2.27 0.58 3.5673 0.0068 -1.505 0.085 -0.895 0.038 4.804 0.088 0 0 0 0 0 0 2 1 1
 16377 4716  414 1 10.48  1.61  8.59 0.41  30.62  8.88 0.31  75.54 0.99 0      0       0     0      0     0     0     0     0 0 0 0 0 0 0 7 0
 16529 1798 1193 1 22.78  1.26 23.71 0.33   0.78 23.90 0.27   2.09 0.94 3.7179 0.0026 -0.237 0.010 -0.309 0.013 4.579 0.049 0 0 0 0 0 0 2 1 0
 16548   67  844 1 17.20  3.36 18.32 0.80  10.07 16.55 0.56  23.01 0.62 3.5847 0.0062 -1.260 0.052 -0.875 0.043 4.744 0.086 0 0 0 0 0 0 2 4 0
 16908 1247  684 1 25.23  1.58 21.26 0.38  11.80 21.99 0.26  16.68 0.84 3.7036 0.0026 -0.280 0.012 -0.385 0.016 4.594 0.055 0 0 0 0 0 0 2 4 0
 17609 1804 2036 1 68.62  1.78 66.40 0.43 190.48 65.22 0.42 173.34 0.55 3.5653 0.0084 -1.533 0.105 -0.977 0.042 4.811 0.096 0 0 0 0 0 0 2 5 0
 17766   71 1173 1 24.02  2.27 27.33 0.59   2.95 27.62 0.59   0.06 0.66 3.5999 0.0044 -1.087 0.038 -0.880 0.024 4.711 0.072 0 0 0 0 0 0 2 1 0
 17950 4718 1021 1 22.22  0.97 16.74 0.31  38.16 16.77 0.33   2.34 2.13 3.8211 0.0034 -0.004 0.003  0.865 0.016 4.341 0.029 0 0 0 1 1 1 2 7 0
 17962 1252  212 1 21.37  1.62 21.00 0.40   0.06 20.56 0.33   0.02 0.87 3.7309 0.0100 -0.198 0.028 -0.451 0.020 4.562 0.067 0 0 0 0 0 3 2 1 1
 18018 1800 1424 1 24.72  4.62 24.30 0.94   0.13     0 0      0    0.73 3.6614 0.0081 -0.540 0.065 -0.725 0.043 4.642 0.080 0 1 0 0 5 0 2 1 1
 18096 1253  799 1 11.19  1.65 11.88 0.42  31.79 11.85 0.33  51.82 1.11 3.7718 0.0091 -0.096 0.011  0.047 0.031 4.478 0.062 0 0 0 0 0 0 2 4 0
 18170 1253  716 1 24.14  0.90 23.69 0.31   3.48 23.74 0.26   2.87 1.49 3.8451 0.0058  0.018 0.001  0.754 0.011 4.299 0.039 0 0 0 0 0 0 2 1 0
 18322  662  171 1 26.49  1.98 21.47 0.51   7.17 21.34 0.41   4.97 0.72 3.6766 0.0033 -0.425 0.022 -0.643 0.022 4.622 0.066 0 0 0 0 0 0 2 4 0
 18327 1253  868 1 24.16  1.40 24.43 0.41   0.92 24.01 0.35  11.01 0.90 3.7078 0.0027 -0.267 0.011 -0.366 0.015 4.590 0.052 0 0 0 0 0 0 2 1 0
 18617 4718  634 1 10.38  2.61 13.59 0.79  30.30 12.46 0.39  80.63 1.68 0      0       0     0      0     0     0     0     0 0 0 2 1 0 0 8 0
 18658  662  633 1 25.42  1.05 23.56 0.71   6.22 23.58 0.40   0.40 1.36 3.8264 0.0036  0.002 0.003  0.613 0.026 4.329 0.044 0 1 0 0 2 0 2 1 0
 18692  665 1120 1 10.93  1.19 10.01 0.35  86.55 10.11 0.33  60.79 1.34 0      0       0     0      0     0     0     0     0 0 0 0 0 0 0 4 0
 18735 1254  866 1 21.99  0.81 22.06 0.29   0.18 22.19 0.28   1.65 1.57 3.8554 0.0035  0.028 0.003  0.844 0.011 4.291 0.033 1 0 1 1 0 0 2 1 0
 18946 1258  768 1 23.07  2.12 20.98 0.55   2.19 21.20 0.42   0.01 0.76 3.6724 0.0262 -0.455 0.186 -0.611 0.078 4.627 0.142 0 0 0 0 0 0 2 1 0
 19082 1258  652 1 14.56  3.17 20.82 0.68   5.00 21.58 0.46   0.77 0.72 3.5959 0.0033 -1.131 0.028 -0.850 0.030 4.723 0.069 0 0 0 0 0 0 2 4 0
 19098 1254  178 1 19.81  1.39 22.10 0.42   2.92 22.24 0.34   0.03 0.92 3.7088 0.0027 -0.264 0.011 -0.409 0.017 4.589 0.051 0 0 0 0 0 0 2 1 0
 19148 1250  686 1 21.41  1.47 20.88 0.35   1.21 20.93 0.38   0.86 1.14 3.7769 0.0026 -0.086 0.003  0.153 0.015 4.464 0.042 0 0 0 0 0 0 2 1 0
 19207 1250    4 1 23.57  2.26 21.66 0.51   1.72 22.11 0.53   1.27 0.70 3.6580 0.0031 -0.566 0.026 -0.742 0.023 4.646 0.067 0 0 0 0 0 0 2 1 0
 19261 1250   74 1 21.27  1.03 22.62 0.35   2.22 23.37 0.60   1.12 2.46 3.8322 0.0032  0.009 0.002  0.778 0.013 4.316 0.026 0 0 0 1 1 1 2 1 0
 19263 1250  414 1 19.70  1.68 21.76 0.43   1.81 21.87 0.43   2.82 0.83 3.6879 0.0030 -0.357 0.019 -0.610 0.019 4.610 0.057 0 0 0 0 0 0 2 1 0
 19316  674   79 1 24.90  2.59 20.84 0.71   2.94 21.21 0.49   1.18 0.60 3.6158 0.0025 -0.883 0.022 -0.898 0.031 4.670 0.079 0 0 0 0 0 0 2 1 0
 19365 1826 1301 1 10.68  1.43 14.68 0.37   9.34 14.82 0.32   0.12 2.56 3.7651 0.0025 -0.108 0.004  0.300 0.022 4.495 0.029 1 0 0 1 0 0 2 4 0
 19386   73  698 1 15.37  0.97 11.82 0.40  29.64 11.65 0.32  10.87 1.31 0      0       0     0      0     0     0     0     0 0 0 0 0 0 0 4 0
 19441  666   35 1 29.78  1.90 28.33 0.58   0.70 27.83 0.64   0.25 0.69 3.6558 0.0023 -0.583 0.019 -0.813 0.019 4.649 0.067 0 0 0 0 0 0 2 1 0
 19449   76  521 1 12.14  2.03  8.75 0.70   5.22  8.64 0.41   2.76 0.97 0      0       0     0      0     0     0     0     0 0 0 0 0 0 0 7 0
 19504 1255  312 1 23.22  0.92 22.52 0.31   0.74 22.06 0.30   0.00 1.36 3.8235 0.0029 -0.002 0.002  0.550 0.012 4.336 0.036 0 0 0 0 0 1 2 1 0
 19554   80 1093 1 25.89  0.95 26.55 0.34   9.33 26.83 0.31   8.36 1.51 3.8433 0.0041  0.017 0.001  0.759 0.011 4.301 0.035 1 1 1 1 0 0 2 1 0
 19591 1815  309 1 27.21  2.11 25.23 0.54   0.91 26.12 0.38   0.00 1.48 3.6732 0.0033 -0.449 0.023 -0.478 0.021 4.626 0.038 0 0 1 2 1 3 2 1 0
 19781  679  597 1 21.91  1.27 19.83 0.41   4.29 20.20 0.40   1.93 1.01 3.7513 0.0027 -0.141 0.005 -0.020 0.018 4.526 0.048 0 0 0 0 0 0 2 1 0
 19786  675  351 1 22.19  1.45 21.63 0.45   4.03 21.41 0.42   0.12 1.07 3.7643 0.0025 -0.109 0.004  0.052 0.018 4.497 0.045 0 0 0 0 0 0 2 1 0
 19789 1263  949 1 18.12  0.92 17.59 0.30   1.42 17.21 0.31   5.08 1.36 3.8244 0.0029 -0.001 0.002  0.588 0.015 4.334 0.037 0 0 0 0 0 0 2 1 1
 19793 1815  517 1 21.69  1.14 22.42 0.35   0.45 22.40 0.32   0.22 1.08 3.7602 0.0025 -0.119 0.004  0.025 0.014 4.506 0.044 0 0 0 0 0 0 2 1 0
 19796  671  211 1 21.08  0.97 22.04 0.38   4.02 22.39 0.46   2.17 1.29 3.7987 0.0027 -0.041 0.003  0.384 0.015 4.403 0.038 0 0 0 0 0 0 2 1 0
 19808  675  186 1 22.67  2.30 21.87 0.86   2.08 22.84 0.64   0.34 0.69 3.6532 0.0021 -0.601 0.018 -0.817 0.035 4.651 0.072 0 0 0 0 0 0 2 1 0
 19834    0    0 0  31.94  3.74 21.28 1.12   8.66  0    0      0    0.52 3.5892 0.0040 -1.205 0.034 -0.899 0.048 4.737 0.098 0 0 0 0 0 0 2 4 0
 19862    0    0 0  31.11  2.76 21.81 0.77  12.83  0    0      0    0.59 0      0       0     0      0     0     0     0     0 0 0 0 0 0 0 4 0
 19870 1263 1000 1 19.48  0.99 20.64 0.34   1.61 20.50 0.33   1.85 1.16 3.7483 0.0024 -0.148 0.004  0.196 0.014 4.533 0.041 0 1 1 0 0 0 2 1 1
 19877 1251  128 1 22.51  0.82 21.54 0.32   1.56 21.52 0.31   0.03 1.44 3.8314 0.0048  0.008 0.003  0.705 0.013 4.318 0.038 1 0 0 1 0 0 2 1 1
 19934 1276   86 1 19.48  1.17 19.75 0.39   0.45 19.55 0.33   0.01 0.95 3.7240 0.0025 -0.218 0.009 -0.261 0.018 4.572 0.050 0 0 0 0 0 0 2 1 0
 20019 1268    6 1 21.40  1.24 21.16 0.38  11.02 21.27 0.36   2.59 1.83 3.7367 0.0025 -0.181 0.006 -0.008 0.016 4.553 0.030 0 0 1 0 0 3 2 1 1
 20056 1268  327 1 21.84  1.14 21.94 0.35   0.14 21.73 0.31   0.22 2.05 3.7543 0.0025 -0.134 0.004  0.257 0.014 4.520 0.027 0 0 1 0 0 0 2 1 0
 20082 1264  498 1 20.01  1.91 22.42 0.64  10.90 22.39 0.43   0.81 0.87 3.6923 0.0026 -0.333 0.015 -0.498 0.025 4.606 0.057 0 0 0 0 0 0 2 1 0
 20086 1268  707 1 19.57  1.86 23.56 0.51  28.15 24.11 0.47   5.75 0.82 3.6721 0.0022 -0.458 0.016 -0.667 0.020 4.628 0.057 0 1 0 0 6 0 2 4 0
 20087 1276 1622 1 18.25  0.82 18.31 0.69   0.19 18.70 0.29   0.00 3.25 3.8822 0.0036  0.028 0.000  1.103 0.033 4.327 0.038 0 0 1 1 3 0 1 1 1
 20130 1272  325 1 23.53  1.25 21.86 0.44   1.94 21.46 0.38   0.74 0.97 3.7392 0.0025 -0.174 0.005 -0.159 0.018 4.549 0.049 0 0 0 0 0 0 2 1 0
 20146 1268  352 1 21.24  1.32 21.62 0.42   0.23 21.21 0.38   0.61 1.02 3.7445 0.0039 -0.158 0.007 -0.096 0.017 4.541 0.049 0 0 0 0 0 0 2 1 0
 20187  675  372 1 20.13  2.02 31.69 0.69  36.59 32.55 0.49   2.84 0.84 0      0       0     0      0     0     0     0     0 0 0 0 0 0 0 4 0
 20205 1264 1009 1 21.17  1.17 22.15 0.39   1.01 22.26 0.27   1.07 2.30 0      0       0     0      0     0     0     0     0 0 0 0 0 0 0 1 1
 20215 1264  348 1 23.27  1.14 24.30 0.62   9.55 22.51 0.35   0.27 2.22 3.8000 0.0041 -0.038 0.004  0.402 0.022 4.399 0.034 0 0 1 1 1 1 2 1 1
 20219  679  750 1 22.31  0.92 22.28 0.35   0.24 22.38 0.37   0.09 1.67 3.8777 0.0035  0.034 0.001  0.955 0.014 4.169 0.033 1 0 0 1 0 0 1 1 0
 20237 1272  439 1 22.27  0.93 22.21 0.35   1.04 22.08 0.40   0.15 1.19 3.7858 0.0036 -0.068 0.004  0.249 0.014 4.440 0.042 0 0 0 0 0 0 2 1 0
 20255 1268 1268 1 21.12  0.77 23.55 0.32  68.15 23.24 0.34   9.98 1.54 3.8302 0.0032  0.006 0.002  0.708 0.012 4.321 0.033 0 1 1 0 0 0 2 4 1
 20261 1264 1010 1 21.20  0.99 21.02 0.35   0.20 20.87 0.32   0.39 1.82 3.8955 0.0032  0.036 0.000  1.132 0.015 4.099 0.031 0 0 0 0 0 0 1 1 0
 20284  680   27 1 21.80  0.85 20.59 0.35   2.73 20.56 0.36   1.90 1.49 3.8151 0.0032 -0.013 0.004  0.816 0.015 4.356 0.035 0 1 1 0 0 0 2 1 1
 20319    0    0 0  11.64  3.73 14.95 0.92 916.91  0    0      0    0.73 0      0       0     0      0     0     0     0     0 0 0 0 0 0 0 8 0
 20349 1276  251 1 19.55  0.89 20.21 0.36   2.49 20.25 0.32   2.13 1.39 3.8214 0.0044 -0.004 0.002  0.573 0.015 4.340 0.039 0 0 0 0 0 0 2 1 0
 20350 1268  295 1 19.83  0.89 21.38 0.34   3.47 21.88 0.35   0.30 1.39 3.8194 0.0041 -0.006 0.002  0.521 0.014 4.345 0.038 0 0 0 0 0 0 2 1 0
 20357  680  994 1 19.46  1.02 20.41 0.36   0.97 20.32 0.39   0.00 1.44 3.8279 0.0043  0.004 0.003  0.637 0.015 4.326 0.038 0 0 0 0 0 0 2 1 0
 20400  680  995 1 21.87  0.96 22.35 0.35   1.40 22.30 0.36   2.43 1.64 3.8566 0.0035  0.029 0.003  0.900 0.014 4.290 0.033 1 1 1 1 0 0 2 1 1
 20419  676  680 1 19.17  1.93 22.13 0.57   5.02 22.67 0.48   0.99 0.85 3.6574 0.0021 -0.570 0.017 -0.479 0.023 4.647 0.057 0 1 1 0 0 0 2 1 0
 20440 1264  755 1 21.45  2.76 21.72 0.65   0.97 22.45 0.50   2.31 2.22 3.7976 0.0041 -0.043 0.005  0.454 0.026 4.406 0.036 0 0 1 1 1 1 2 1 1
 20441 1264  758 1 26.96  1.40 25.47 2.27  16.17  0    0      0    1.04 3.7553 0.0025 -0.131 0.004 -0.005 0.077 4.518 0.088 0 1 1 0 2 0 2 5 1
 20455 1268 1267 1 21.29  0.93 21.16 0.37   0.07 21.14 0.28   0.36 2.30 0      0       0     0      0     0     0     0     1 1 1 1 0 0 0 1 1
 20480 1276  639 1 20.63  1.34 19.81 0.43   0.63 19.80 0.37   1.13 0.97 3.7363 0.0025 -0.182 0.006 -0.158 0.019 4.554 0.050 0 0 0 0 0 0 2 1 0
 20482 1272  912 1 15.82  1.44 19.23 0.49   5.96 20.01 0.41   1.64 0.97 3.7053 0.0027 -0.275 0.011 -0.316 0.023 4.593 0.051 0 1 1 0 3 0 2 4 0
 20484 1264 1008 1 21.17  0.80 20.86 0.36   0.78 21.05 0.34   0.01 1.69 3.8581 0.0034  0.031 0.003  0.991 0.015 4.290 0.033 0 1 1 0 0 0 2 1 1
 20485 1264  902 1 21.08  2.69 24.96 0.79   3.00 24.43 0.53   2.36 0.74 3.6472 0.0021 -0.642 0.018 -0.827 0.028 4.655 0.066 0 0 0 0 0 0 2 1 0
 20491 1820 1157 1 20.04  0.89 18.67 0.35   3.54 18.46 0.33   0.10 1.29 3.8134 0.0029 -0.016 0.001  0.490 0.016 4.361 0.039 0 0 0 0 0 0 2 1 0
 20492  680  194 1 21.23  1.80 21.03 0.52   1.34 21.64 0.43   2.27 0.92 3.7157 0.0047 -0.244 0.018 -0.294 0.023 4.582 0.056 0 0 0 0 0 0 2 1 0
 20527  680  889 1 22.57  2.78 22.61 0.75   3.56 23.13 0.61   0.21 0.67 3.6324 0.0024 -0.740 0.021 -0.870 0.030 4.666 0.072 0 0 0 0 0 0 2 1 0
 20542 1269 1244 1 22.36  0.88 22.14 0.38   4.20 21.91 0.32   1.91 1.94 3.9168 0.0031  0.026 0.005  1.275 0.015 4.069 0.030 1 1 0 1 0 0 1 1 1
 20553  680  146 1 22.25  1.52 20.49 0.46  69.87 21.23 0.38   4.71 1.85 3.7739 0.0039 -0.092 0.004  0.280 0.020 4.472 0.034 0 0 0 3 1 0 2 4 1
 20557 1277  747 1 24.47  1.06 23.65 0.40   0.76 23.96 0.35   0.39 1.21 3.7976 0.0038 -0.043 0.004  0.316 0.015 4.406 0.042 0 0 0 0 0 0 2 1 0
 20563 1269 1212 1 19.35  1.79 22.34 0.66   3.00 22.20 0.46   0.03 0.83 3.6799 0.0024 -0.401 0.015 -0.636 0.026 4.618 0.059 0 0 0 0 0 0 2 1 0
 20567 1269  806 1 18.74  1.17 19.86 0.43   2.22 19.67 0.47   0.17 1.39 3.8168 0.0053 -0.010 0.002  0.522 0.019 4.352 0.042 0 0 0 0 0 0 2 1 0
 20577 1269 1152 1 20.73  1.29 21.77 0.46   4.63 22.30 0.40  11.53 1.16 3.7753 0.0039 -0.089 0.004  0.142 0.018 4.468 0.044 0 1 2 0 0 0 2 1 1
 20601   78 1147 1 14.97  1.51 19.54 0.43  57.10 19.50 0.47  21.56 1.61 3.7363 0.0025 -0.182 0.006 -0.182 0.019 4.554 0.035 0 1 1 0 0 0 2 4 0
 20605    0    0 0 24.41  6.94 20.86 2.69   0.29     0 0      0    1.05 3.5749 0.0056 -1.399 0.052 -0.845 0.114 4.778 0.123 0 0 0 3 1 1 2 1 0
 20614 1273 1106 1 20.40  0.74 21.65 0.33   6.79 21.69 0.34   0.05 1.59 3.8379 0.0045  0.013 0.001  0.834 0.013 4.308 0.035 0 0 0 0 0 0 2 1 1
 20626 1820   87 1 15.92  1.00 11.35 0.35  28.06 11.26 0.32  13.05 1.26 0      0       0     0      0     0     0     0     0 0 0 0 0 0 0 7 0
 20635 1277 1626 1 21.27  0.80 21.14 0.32   0.04 21.51 0.31   0.06 2.20 3.9159 0.0030  0.035 0.005  1.548 0.013 3.848 0.027 1 0 0 1 0 0 1 1 0
 20641 1277 1627 1 22.65  0.84 22.56 0.33   0.09 22.64 0.31   0.68 1.77 3.8880 0.0032  0.035 0.000  1.067 0.013 4.123 0.030 1 0 0 1 0 0 1 1 0
 20648 1269 1246 1 22.05  0.77 21.80 0.36   0.46 23.38 0.50   0.06 3.14 3.9649 0.0061 -0.105 0.022  1.541 0.017 4.205 0.033 0 0 0 1 1 1 1 1 1
 20661 1265 1171 1 21.47  0.97 21.29 0.37   7.20 21.08 0.38   0.00 2.47 3.8000 0.0027 -0.038 0.003  0.681 0.015 4.399 0.026 0 0 1 1 1 0 2 1 1
 20679 1269  829 1 20.79  1.83 22.87 0.67   1.71 20.85 0.44   1.07 1.64 3.7003 0.0025 -0.294 0.013 -0.298 0.026 4.598 0.038 0 0 1 2 1 1 2 1 1
 20686 1273  138 1 23.08  1.22 22.13 0.51   1.07 21.75 0.38   0.03 1.85 3.7545 0.1736 -0.133 0.344  0.034 0.139 4.519 0.708 0 0 1 1 1 1 2 1 1
 20711 1816 1893 1 21.07  0.80 21.69 0.34   1.43 22.13 0.31   0.63 2.17 3.8768 0.0029  0.051 0.001  1.491 0.014 3.742 0.027 1 0 0 1 0 2 1 1 1
 20712 1277  808 1 21.54  0.97 20.94 0.39  10.46 21.12 0.34   5.18 1.21 3.7866 0.0033 -0.067 0.004  0.339 0.016 4.438 0.042 0 1 1 0 0 0 2 1 0
 20713 1265 1176 1 20.86  0.84 23.16 0.33  30.30 22.48 0.35   0.70 2.12 3.8798 0.0033  0.046 0.000  1.356 0.012 3.879 0.027 0 1 1 0 0 0 1 4 1
 20719 1265   59 1 21.76  1.46 20.41 0.43  35.22 21.34 0.44   3.64 1.08 3.7616 0.0025 -0.116 0.004  0.109 0.018 4.503 0.045 0 1 1 0 0 0 2 1 1
 20741 1265  241 1 21.42  1.54 22.18 0.46   0.41 21.56 0.40   0.37 1.08 3.7585 0.0025 -0.123 0.004  0.016 0.018 4.510 0.045 0 0 0 0 0 0 2 1 0
 20745  676  389 1 28.27  3.17 25.13 0.99   1.19 25.22 0.68   0.04 1.19 3.5906 0.0037 -1.189 0.032 -0.627 0.036 4.736 0.054 0 0 0 2 1 1 2 1 0
 20751  672  425 1 23.03  1.66 23.01 0.55  10.44 22.33 0.50   0.13 0.85 3.6829 0.0022 -0.384 0.014 -0.452 0.021 4.615 0.056 0 1 1 0 0 0 2 1 1
 20762  680  639 1 21.83  2.29 21.31 0.61   0.78 21.61 0.53   0.23 0.73 3.6638 0.0020 -0.521 0.016 -0.742 0.026 4.638 0.065 0 0 0 0 0 0 2 1 0
 20815 1265 1048 1 21.83  1.01 21.21 0.38   1.05 21.27 0.48   0.00 1.21 3.7923 0.0040 -0.055 0.005  0.303 0.016 4.421 0.042 0 0 0 0 0 0 2 1 0
 20826  676   62 1 21.18  1.04 22.34 0.42   1.50 22.44 0.45   0.10 1.21 3.7858 0.0026 -0.068 0.003  0.232 0.016 4.440 0.041 0 0 0 0 0 0 2 1 0
 20827  680  104 1 17.29  2.23 20.52 0.55   2.72 20.80 0.48   0.10 0.93 3.7014 0.0026 -0.289 0.012 -0.402 0.024 4.596 0.053 0 0 0 0 0 0 2 1 0
 20842 1277 1628 1 20.85  0.86 20.24 0.35   0.55 20.39 0.32   1.23 1.67 3.8821 0.0051  0.035 0.000  0.982 0.015 4.159 0.036 1 0 0 1 0 0 1 1 0
 20850  680  423 1 21.29  1.91 21.61 0.48   0.61 21.25 0.45   1.22 0.94 3.7189 0.0026 -0.234 0.010 -0.285 0.020 4.578 0.051 0 0 0 0 0 1 2 1 0
 20873  681 1152 1 18.42  1.93 22.06 0.62   3.87 21.46 0.37   1.92 1.69 3.8536 0.0045  0.027 0.003  0.841 0.024 4.292 0.040 0 1 0 0 5 0 2 1 0
 20885 1265 1170 1 20.66  0.85 21.29 0.37  48.26 21.93 0.35   1.24 2.32 0      0       0     0      0     0     0     0     1 1 1 1 0 0 0 1 1
 20889 1273 1104 1 21.04  0.82 21.93 0.36   1.38 21.83 0.28   0.19 2.30 0      0       0     0      0     0     0     0     1 0 0 1 0 0 0 1 1
 20890 1273  711 1 20.09  1.11 20.92 0.45   4.24 20.54 0.40   5.97 1.02 3.7401 0.0035 -0.171 0.007 -0.122 0.019 4.548 0.049 0 1 1 0 0 0 2 1 0
 20894 1265 1172 1 21.89  0.83 22.24 0.36   0.26 22.35 0.36   0.22 4.32 0      0       0     0      0     0     0     0     1 0 1 1 0 2 0 1 1
 20899 1269   22 1 21.09  1.08 21.62 0.40   0.28 22.47 0.40   1.68 1.14 3.7726 0.0025 -0.094 0.003  0.134 0.016 4.475 0.043 0 0 0 0 0 0 2 1 0
 20901  677 1116 1 20.33  0.84 21.37 0.35   2.29 21.49 0.43   0.69 1.94 3.8977 0.0032  0.038 0.000  1.213 0.014 4.055 0.029 0 0 0 0 0 0 1 1 1
 20916 1265  791 1 20.58  1.74 18.75 0.57   2.93 21.44 0.35   1.14 2.47 3.7925 0.0029 -0.054 0.003  0.738 0.026 4.421 0.034 0 1 1 1 1 1 2 1 1
 20935 1269  294 1 23.25  1.04 21.85 0.39   2.18 21.21 0.41   0.06 1.26 3.7953 0.0027 -0.048 0.003  0.431 0.015 4.412 0.039 0 1 1 0 3 0 2 1 0
 20948 1269  557 1 21.59  1.09 21.83 0.41   0.13 21.72 0.37   0.01 1.31 3.8165 0.0029 -0.011 0.001  0.465 0.016 4.352 0.039 1 0 0 1 0 0 2 1 0
 20949 1837  270 1 17.08  1.18 17.28 0.39   2.95 17.52 0.37   0.40 0.98 3.7345 0.0025 -0.188 0.006 -0.178 0.020 4.557 0.050 0 0 0 0 0 0 2 1 0
 20951 1269  697 1 24.19  1.76 22.30 0.56   1.21 21.93 0.39   0.23 0.91 3.7205 0.0026 -0.229 0.009 -0.287 0.022 4.576 0.054 1 0 0 1 0 0 2 1 0
 20978 1265  883 1 24.71  1.27 22.05 0.42   4.76 21.73 0.40   2.22 0.88 3.7137 0.0034 -0.250 0.013 -0.321 0.017 4.584 0.054 0 0 0 0 0 0 2 1 0
 20995 1265 1175 1 22.93  1.25 22.31 0.42   1.72 23.04 0.52   0.82 2.65 3.8539 0.0039  0.027 0.003  0.959 0.016 4.291 0.028 0 0 1 1 1 1 2 1 1
 21008 1273  583 1 19.94  0.93 19.10 0.38  14.49 19.64 0.36   0.56 1.31 3.8112 0.0042 -0.019 0.002  0.508 0.017 4.367 0.041 0 1 1 0 0 0 2 1 1
 21029 1265 1169 1 22.54  0.77 21.86 0.33   2.42 21.69 0.35   1.22 1.94 3.9110 0.0031  0.035 0.002  1.291 0.013 4.030 0.029 1 0 0 1 0 0 1 1 0
 21036  681 1153 1 21.84  0.89 22.42 0.36   0.53 22.64 0.38   0.04 1.74 3.8843 0.0033  0.035 0.000  1.021 0.014 4.146 0.032 1 0 0 1 0 0 1 1 1
 21039 1265 1174 1 22.55  1.09 21.72 0.39   1.17 21.84 0.34   0.71 1.69 3.8858 0.0033  0.035 0.000  1.020 0.016 4.140 0.033 1 1 1 1 0 0 1 1 1
 21053 1265  763 1 24.28  0.79 20.93 0.35  24.82 21.67 0.38   0.00 1.36 3.8232 0.0029 -0.002 0.002  0.658 0.015 4.337 0.037 1 0 0 1 0 0 2 4 1
 21066  673  700 1 22.96  0.99 21.89 0.39   1.66 21.40 0.53   1.31 1.26 3.8106 0.0037 -0.020 0.001  0.414 0.015 4.369 0.041 0 0 0 0 0 0 2 1 0
 21092    0    0 0 19.64  9.61 33.98 2.97   3.45  0    0      0    1.00 0      0       0     0      0     0     0     0     0 0 0 3 1 0 0 7 0
 21099 1273  428 1 21.81  1.25 21.74 0.47   1.05 22.16 0.38   0.20 0.99 3.7416 0.0035 -0.167 0.007 -0.145 0.019 4.545 0.050 0 0 0 0 0 0 2 1 0
 21112  681  829 1 19.46  1.02 19.62 0.43   2.29 18.82 0.45   0.32 1.19 3.7914 0.0050 -0.057 0.006  0.224 0.019 4.424 0.046 0 0 0 0 0 0 2 1 0
 21123 1269 1027 1 23.41  1.65 22.15 0.49   1.38 22.80 0.47   1.13 0.83 3.6910 0.0059 -0.339 0.035 -0.469 0.024 4.607 0.062 0 1 1 0 3 0 2 1 0
 21137 1265 1173 1 22.25  1.14 22.86 0.35  12.43 22.78 0.36   4.27 1.54 3.8498 0.0041  0.022 0.001  0.767 0.013 4.294 0.035 0 1 1 0 0 0 2 1 1
 21138 1265  924 1 15.11  4.75 21.12 1.17   2.27  0    0      0    0.76 3.6347 0.0034 -0.726 0.029 -0.869 0.050 4.664 0.077 0 0 0 0 0 0 2 4 1
 21152   90   33 1 23.13  0.92 23.87 0.41   2.77 23.79 0.48   2.69 1.41 3.8256 0.0042  0.001 0.003  0.594 0.015 4.331 0.038 0 0 0 0 0 0 2 1 0
 21179  677  290 1 17.55  2.97 21.89 0.99   2.53 21.85 0.68   1.57 0.72 3.6553 0.0021 -0.586 0.017 -0.948 0.040 4.649 0.073 0 0 1 0 0 3 2 1 0
 21256 1278 1315 1 24.98  1.95 23.21 0.62   0.87 23.43 0.44   0.43 0.67 3.6459 0.0022 -0.651 0.019 -0.849 0.024 4.656 0.070 0 0 0 0 0 0 2 1 0
 21261 1274 1346 1 21.06  2.21 21.61 0.68   0.30 21.23 0.47   0.11 0.70 3.6547 0.0021 -0.590 0.018 -0.831 0.028 4.650 0.069 0 0 0 0 0 0 2 1 0
 21267  681  651 1 22.80  0.98 21.87 0.43   1.02 21.92 0.40   0.02 1.36 3.8229 0.0035 -0.002 0.002  0.572 0.017 4.337 0.039 0 0 0 0 0 0 2 1 0
 21273  681 1151 1 21.39  1.24 22.41 0.51   2.66 22.27 0.35   2.85 2.02 3.8824 0.0030  0.044 0.000  1.317 0.020 3.907 0.032 0 1 1 0 3 0 1 1 1
 21280 1266  398 1 24.02  1.68 22.93 0.66  24.24 22.04 0.38   4.96 1.69 3.7173 0.0101 -0.239 0.038 -0.119 0.029 4.580 0.056 0 0 1 2 1 0 2 1 1
 21317 1266  278 1 23.19  1.30 22.01 0.46   3.42 21.18 0.42   1.81 1.08 3.7667 0.0034 -0.105 0.005  0.095 0.018 4.491 0.046 0 0 0 0 0 0 2 1 0
 21459 1830 2128 1 22.60  0.76 23.61 0.36   2.97 23.45 0.34   1.30 1.51 3.8373 0.3266  0.013 0.936  0.743 0.374 4.309 1.359 0 0 0 0 0 0 2 1 1
 21474 1266 1214 1 22.99  0.95 20.59 0.42   8.36 21.17 0.43   8.13 1.34 3.8191 0.0052 -0.007 0.004  0.618 0.018 4.346 0.043 0 1 1 0 0 0 2 1 0
 21482 1838  564 1 56.02  1.21 51.94 0.40  14.79 51.20 0.33   0.35 0.78 3.6709 0.0023 -0.466 0.016 -0.586 0.009 4.629 0.057 0 1 1 0 0 5 2 3 0
 21543 1266  112 1 23.54  1.29 19.72 1.26  13.22 22.38 0.36   0.00 1.14 3.7758 0.0031 -0.088 0.004  0.332 0.056 4.467 0.069 0 1 1 0 2 0 2 4 1
 21588 1266 1417 1 21.96  1.04 25.54 0.46  34.53 19.96 0.36   0.25 1.62 3.8575 0.0037  0.030 0.003  0.760 0.016 4.290 0.034 0 1 0 1 2 0 2 4 1
 21589  690 1547 1 21.79  0.79 22.30 0.40   1.20 22.44 0.44   0.06 2.15 3.9225 0.0034  0.018 0.009  1.484 0.016 3.928 0.029 1 0 1 1 0 0 1 1 1
 21637 1830 1020 1 22.60  0.91 23.30 0.38   1.28 23.43 0.35   0.06 1.16 3.7814 0.0026 -0.078 0.003  0.191 0.014 4.452 0.041 0 0 0 0 0 0 2 1 0
 21654  694  225 1 20.81  1.30 22.80 0.44   2.59 22.40 0.46   0.55 1.11 3.7606 0.0025 -0.118 0.004  0.046 0.017 4.505 0.044 0 1 1 0 0 0 2 1 0
 21670  682 1726 1 19.44  0.86 20.46 0.42   8.75 20.71 0.49   2.71 1.84 3.8852 0.0032  0.037 0.000  1.107 0.018 4.088 0.032 1 0 0 1 0 0 1 1 1
 21683 1266 1418 1 20.51  0.82 18.33 0.42  11.92 18.70 0.38   8.74 2.05 3.9133 0.0029  0.039 0.004  1.486 0.020 3.868 0.031 1 0 0 1 0 0 1 1 1
 21723  690  945 1 23.95  1.63 22.95 0.68   0.44 22.98 0.56   0.04 0.76 3.6761 0.0022 -0.429 0.015 -0.668 0.026 4.623 0.064 0 0 0 0 0 0 2 1 0
 21741 1830 1358 1 15.96  1.36 16.58 0.44   0.73 17.13 0.39   2.45 0.97 3.7245 0.0025 -0.217 0.009 -0.214 0.023 4.572 0.051 0 0 0 0 0 0 2 1 0
 21762 1267  210 1 23.65  2.53 21.15 1.03   1.97 21.49 0.49   0.04 1.96 3.6722 0.0022 -0.457 0.015 -0.358 0.043 4.627 0.049 0 0 1 2 1 1 2 1 0
 21788 1830  545 1 19.48  1.26 16.55 0.46  63.40 15.59 0.37  93.20 0.99 3.7525 0.0025 -0.138 0.004 -0.020 0.024 4.524 0.051 0 0 0 0 0 0 2 4 0
 22044  687 1627 1 20.73  0.88 22.73 0.46   6.72 23.03 0.45   0.38 1.79 3.8888 0.0033  0.033 0.000  1.014 0.018 4.184 0.033 1 0 0 1 0 0 1 1 0
 22157  691 1509 1 12.24  0.86 15.35 0.44  23.34 15.59 0.46   2.83 2.22 3.9013 0.0031  0.042 0.001  1.367 0.025 3.974 0.034 1 0 1 1 0 0 1 4 1
 22177   88 1355 1 22.45  2.32 22.01 0.91   0.07 21.85 0.68   0.01 0.67 3.6355 0.0024 -0.720 0.021 -0.867 0.037 4.664 0.075 0 0 0 0 0 0 2 1 0
 22203 1267 1102 1 19.42  1.09 21.28 0.51   4.05 20.74 0.49   1.08 1.08 3.7582 0.0025 -0.124 0.004 -0.028 0.021 4.511 0.046 0 1 1 0 0 0 2 1 0
 22221  683  688 1 26.26  1.04 22.75 0.55  51.38 25.22 0.66   0.01 1.16 3.7858 0.0025 -0.068 0.003  0.316 0.021 4.440 0.044 0 1 1 0 2 5 2 4 1
 22224 1271 1301 1 24.11  1.72 22.88 0.71   1.48 22.66 0.49   0.10 0.82 3.6946 0.0026 -0.322 0.015 -0.532 0.028 4.603 0.061 0 1 1 0 0 0 2 1 0
 22253 1831 1894 1 15.74  1.98 18.30 0.56   1.97 18.96 0.54   0.42 0.79 3.6695 0.0022 -0.476 0.016 -0.712 0.027 4.631 0.062 0 0 0 0 0 0 2 1 0
 22265 1271 1229 1 19.81  1.43 20.01 0.63  10.16 20.42 0.46   1.77 1.04 3.7447 0.0025 -0.158 0.004 -0.057 0.027 4.540 0.051 0 1 1 0 0 0 2 1 0
 22271 1835  809 1 22.07  2.03 27.33 0.58  10.63 27.78 0.57  11.22 0.71 3.6590 0.0021 -0.558 0.017 -0.996 0.020 4.645 0.065 0 0 0 0 0 0 2 4 0
 22350 1292  770 1 19.30  1.67 20.60 1.55   1.02 21.99 0.40   2.35 0.96 3.7181 0.0026 -0.236 0.010 -0.259 0.066 4.579 0.080 0 1 1 0 2 0 2 1 1
 22380 1284 1397 1 21.38  1.46 20.91 0.59   7.61 22.05 0.48   2.28 0.94 3.7201 0.0026 -0.230 0.009 -0.242 0.025 4.577 0.053 0 0 0 0 0 0 2 1 1
 22394 1835  658 1 18.96  1.62 20.37 0.50   1.84 20.82 0.45   0.80 1.52 3.6796 0.0022 -0.403 0.014 -0.362 0.022 4.618 0.037 0 1 1 0 0 0 2 1 0
 22422 1280  485 1 19.68  0.96 20.80 0.45   6.63 21.20 0.45   3.56 1.19 3.7808 0.0026 -0.079 0.003  0.206 0.019 4.454 0.042 0 0 0 0 0 0 2 1 0
 22496 1284  332 1 22.96  1.17 24.38 0.46  20.57 24.13 0.40   3.11 1.24 3.7849 0.0026 -0.070 0.003  0.312 0.016 4.443 0.040 0 1 1 0 2 0 2 1 1
 22505 1280  662 1 23.64  0.99 21.86 0.47  13.07 21.54 0.53   5.78 1.10 3.7403 0.0034 -0.171 0.006  0.195 0.019 4.548 0.046 0 1 1 0 6 0 2 1 1
 22524 1280 1207 1 19.30  0.95 20.32 0.44   5.18 20.65 0.50   1.08 1.29 3.7925 0.0029 -0.054 0.003  0.388 0.019 4.421 0.040 0 1 1 0 0 0 2 1 0
 22550  688   43 1 20.15  1.14 21.32 0.53   3.99 21.21 0.58   0.03 2.42 3.7906 0.0034 -0.058 0.004  0.548 0.022 4.426 0.031 0 0 1 1 1 1 2 1 1
 22565 1288 1706 1 17.27  0.82 19.29 0.41   7.81 19.48 0.35   2.93 2.05 3.8970 0.0031  0.040 0.000  1.277 0.018 4.012 0.031 1 0 0 1 0 2 1 1 1
 22566 1280 1110 1 17.14  1.00 16.44 0.45   6.09 16.38 0.52   3.66 1.21 3.7951 0.0027 -0.049 0.003  0.326 0.024 4.413 0.044 0 0 0 0 0 0 2 1 0
 22607  696 1789 1 23.91  1.04 25.81 0.47  28.09 22.11 0.54   5.74 3.55 3.8020 0.0027 -0.034 0.002  0.569 0.016 4.393 0.023 0 0 1 1 1 1 2 1 1
 22654 1288   32 1 18.93  2.02 19.18 0.71   2.48 19.91 0.61   5.16 0.79 3.6766 0.0033 -0.425 0.022 -0.613 0.033 4.622 0.066 0 0 0 0 0 0 2 1 0
 22850 1288 1591 1 14.67  0.95 15.90 0.41   3.36 16.15 0.44   0.67 1.72 3.8748 0.0043  0.032 0.002  0.936 0.022 4.188 0.038 0 0 0 0 0 0 1 1 0
 23044   85 1179 1 12.62  1.89 14.91 0.79  55.75 14.56 0.50 120.35 2.15 3.7707 0.0025 -0.097 0.003  0.194 0.046 4.480 0.051 0 0 0 1 1 1 2 4 0
 23069  696  390 1 19.66  1.62 18.07 0.61   1.14 18.29 0.50   0.00 0.98 3.7410 0.0025 -0.169 0.005 -0.104 0.029 4.546 0.054 0 0 0 0 0 0 2 1 0
 23205 2388   60 1 10.73  1.66 15.13 0.61  54.39 15.11 0.53  59.54 2.28 3.7269 0.1269 -0.210 0.440  0.387 0.180 4.568 0.539 0 0 0 1 1 1 2 8 1
 23214 1281  792 1 23.09  0.83 23.31 0.41   2.17 23.38 0.44   0.23 1.31 3.8168 0.0044 -0.010 0.001  0.467 0.015 4.352 0.041 1 0 0 1 0 0 2 1 0
 23312  106  892 1 16.77  1.79 19.38 0.65   4.12 20.26 0.65   1.85 0.91 3.6964 0.0121 -0.313 0.065 -0.435 0.039 4.602 0.078 0 0 0 0 0 0 2 1 0
 23497 1293 2747 1 20.01  0.91 19.06 0.39   3.47 18.93 0.34   1.31 2.10 3.9115 0.0029  0.040 0.003  1.472 0.018 3.886 0.030 0 0 0 0 0 0 1 1 1
 23498  697 1892 1 18.44  1.66 18.47 0.58   0.03 18.41 0.60   0.67 0.98 3.7347 0.0025 -0.187 0.006 -0.160 0.027 4.556 0.053 0 1 0 0 2 0 2 1 0
 23662  110  641 1 16.69  1.12 14.19 0.57  35.88 14.93 0.75  49.54 1.26 3.8000 0.0040 -0.038 0.003  0.534 0.035 4.399 0.052 0 0 0 0 3 0 2 7 0
 23701  110 1206 1 13.78  2.08 18.61 0.78   6.44 16.39 0.76   0.38 0.95 3.6982 0.0025 -0.305 0.013 -0.463 0.037 4.600 0.059 0 1 1 0 2 5 2 4 1
 23750 1286 2135 1 18.78  1.40 18.85 0.52   0.18 18.79 0.50   0.08 1.01 3.7425 0.0037 -0.164 0.007 -0.115 0.024 4.544 0.051 0 0 0 0 0 0 2 1 0
 23772 1853  313 1 12.00  1.87 10.01 0.65  52.29  9.25 0.45 229.31 1.84 0      0       0     0      0     0     0     0     0 0 2 3 1 0 0 4 1
 23983  702 2789 1 18.54  0.83 19.01 0.51   0.44 19.20 0.52   0.34 1.87 3.8872 0.0031  0.038 0.000  1.151 0.023 4.059 0.035 1 1 1 1 0 0 1 1 1
 24019 1853 1958 1 18.28  1.30 17.94 0.45   5.61 17.53 0.68   1.22 1.69 3.8578 0.0034  0.030 0.003  1.007 0.022 4.290 0.036 1 0 0 1 1 3 2 1 1
 24021  111 1835 1 21.39  1.21 17.99 0.63 169.14 15.30 0.67  67.37 1.21 3.8128 0.0041 -0.017 0.001  0.431 0.030 4.363 0.050 0 0 0 0 0 0 2 7 0
 24116 1290  502 1 11.56  1.19 12.37 0.47   1.22 12.49 0.46   2.22 1.41 3.8182 0.0044 -0.008 0.002  0.581 0.033 4.348 0.048 0 0 0 0 0 0 2 1 0
 24923  707 1553 1 18.26  1.58 17.78 0.71   0.23 18.39 0.66   0.23 0.98 3.7347 0.0072 -0.187 0.018 -0.139 0.035 4.556 0.064 0 0 0 0 0 0 2 1 0
 25639 2407  211 1 11.58  1.13 14.23 0.35 223.09 16.05 0.44 185.78 1.26 3.7869 0.0052 -0.066 0.006  0.218 0.021 4.437 0.046 0 0 0 0 0 0 2 5 0
 25694 1309 2465 1 11.17  1.28  9.20 0.62 133.50  7.63 0.51 187.68 1.36 0      0       0     0      0     0     0     0     0 0 0 0 0 0 0 7 0
 25871 1856  805 1 11.55  0.91 11.90 0.45  15.25 12.26 0.54   0.80 1.51 0      0       0     0      0     0     0     0     0 0 0 0 0 1 0 2 0
 26159 1309 1314 1 11.13  1.39  6.53 0.62  13.74  6.85 0.57   1.49 1.24 0      0       0     0      0     0     0     0     0 0 0 0 6 0 0 7 0
 26382 1302  362 1 18.56  0.86 19.71 0.65   4.61 19.94 0.63   0.04 1.82 3.8925 0.0036  0.034 0.000  1.081 0.029 4.139 0.040 0 0 0 0 0 0 1 1 0
 26844 1298 1046 1 46.51  2.35 39.13 1.46  23.57 37.66 1.09  10.72 0.52 0      0       0     0      0     0     0     0     0 0 0 0 0 0 0 6 0
 27431  715 1157 1 13.11  0.87 11.04 1.15 119.46  9.01 1.52  17.27 1.54 0      0       0     0      0     0     0     0     0 0 0 0 0 0 0 8 0
 27791 2414 1204 1 11.50  6.04 12.60 1.80   2.39 14.57 0.41 617.15 2.43 0      0       0     0      0     0     0     0     0 0 0 1 7 1 0 7 0
 28356  121  432 1 14.87  0.98 13.44 1.26   7.61 12.40 1.29   6.73 1.31 3.8137 0.0043 -0.015 0.002  0.536 0.081 4.360 0.090 0 0 0 0 0 0 2 1 0
 28469 1876  439 1 10.52  0.99  8.47 0.45  65.79  8.93 0.55  56.85 1.57 0      0       0     0      0     0     0     0     0 0 0 0 0 0 0 4 0
 28774 2419 1011 1 12.81 12.80  2.48 7.03   0.93  1.17 0.85   0.25 1.04 0      0       0     0      0     0     0     0     1 0 0 1 1 1 0 8 0